<!-- Generated by pkgdown: do not edit by hand -->
<!DOCTYPE html>
<html lang="en">
  <head>
  <meta charset="utf-8">
<meta http-equiv="X-UA-Compatible" content="IE=edge">
<meta name="viewport" content="width=device-width, initial-scale=1.0">

<title>Calculate a covariance matrix with an adjusted diagonal — me_covariance • measurementfree</title>


<!-- jquery -->
<script src="https://cdnjs.cloudflare.com/ajax/libs/jquery/3.4.1/jquery.min.js" integrity="sha256-CSXorXvZcTkaix6Yvo6HppcZGetbYMGWSFlBw8HfCJo=" crossorigin="anonymous"></script>
<!-- Bootstrap -->

<link rel="stylesheet" href="https://cdnjs.cloudflare.com/ajax/libs/twitter-bootstrap/3.4.1/css/bootstrap.min.css" integrity="sha256-bZLfwXAP04zRMK2BjiO8iu9pf4FbLqX6zitd+tIvLhE=" crossorigin="anonymous" />

<script src="https://cdnjs.cloudflare.com/ajax/libs/twitter-bootstrap/3.4.1/js/bootstrap.min.js" integrity="sha256-nuL8/2cJ5NDSSwnKD8VqreErSWHtnEP9E7AySL+1ev4=" crossorigin="anonymous"></script>

<!-- bootstrap-toc -->
<link rel="stylesheet" href="../bootstrap-toc.css">
<script src="../bootstrap-toc.js"></script>

<!-- Font Awesome icons -->
<link rel="stylesheet" href="https://cdnjs.cloudflare.com/ajax/libs/font-awesome/5.12.1/css/all.min.css" integrity="sha256-mmgLkCYLUQbXn0B1SRqzHar6dCnv9oZFPEC1g1cwlkk=" crossorigin="anonymous" />
<link rel="stylesheet" href="https://cdnjs.cloudflare.com/ajax/libs/font-awesome/5.12.1/css/v4-shims.min.css" integrity="sha256-wZjR52fzng1pJHwx4aV2AO3yyTOXrcDW7jBpJtTwVxw=" crossorigin="anonymous" />

<!-- clipboard.js -->
<script src="https://cdnjs.cloudflare.com/ajax/libs/clipboard.js/2.0.6/clipboard.min.js" integrity="sha256-inc5kl9MA1hkeYUt+EC3BhlIgyp/2jDIyBLS6k3UxPI=" crossorigin="anonymous"></script>

<!-- headroom.js -->
<script src="https://cdnjs.cloudflare.com/ajax/libs/headroom/0.11.0/headroom.min.js" integrity="sha256-AsUX4SJE1+yuDu5+mAVzJbuYNPHj/WroHuZ8Ir/CkE0=" crossorigin="anonymous"></script>
<script src="https://cdnjs.cloudflare.com/ajax/libs/headroom/0.11.0/jQuery.headroom.min.js" integrity="sha256-ZX/yNShbjqsohH1k95liqY9Gd8uOiE1S4vZc+9KQ1K4=" crossorigin="anonymous"></script>

<!-- pkgdown -->
<link href="../pkgdown.css" rel="stylesheet">
<script src="../pkgdown.js"></script>




<meta property="og:title" content="Calculate a covariance matrix with an adjusted diagonal — me_covariance" />
<meta property="og:description" content="me_covariance calculates a covariance matrix through
cov and multiplies the diagonal with the supplied
numeric vector. It's a wrapper around cov with slight
tweaks." />




<!-- mathjax -->
<script src="https://cdnjs.cloudflare.com/ajax/libs/mathjax/2.7.5/MathJax.js" integrity="sha256-nvJJv9wWKEm88qvoQl9ekL2J+k/RWIsaSScxxlsrv8k=" crossorigin="anonymous"></script>
<script src="https://cdnjs.cloudflare.com/ajax/libs/mathjax/2.7.5/config/TeX-AMS-MML_HTMLorMML.js" integrity="sha256-84DKXVJXs0/F8OTMzX4UR909+jtl4G7SPypPavF+GfA=" crossorigin="anonymous"></script>

<!--[if lt IE 9]>
<script src="https://oss.maxcdn.com/html5shiv/3.7.3/html5shiv.min.js"></script>
<script src="https://oss.maxcdn.com/respond/1.4.2/respond.min.js"></script>
<![endif]-->



  </head>

  <body data-spy="scroll" data-target="#toc">
    <div class="container template-reference-topic">
      <header>
      <div class="navbar navbar-default navbar-fixed-top" role="navigation">
  <div class="container">
    <div class="navbar-header">
      <button type="button" class="navbar-toggle collapsed" data-toggle="collapse" data-target="#navbar" aria-expanded="false">
        <span class="sr-only">Toggle navigation</span>
        <span class="icon-bar"></span>
        <span class="icon-bar"></span>
        <span class="icon-bar"></span>
      </button>
      <span class="navbar-brand">
        <a class="navbar-link" href="../index.html">measurementfree</a>
        <span class="version label label-default" data-toggle="tooltip" data-placement="bottom" title="Released version">0.0.1</span>
      </span>
    </div>

    <div id="navbar" class="navbar-collapse collapse">
      <ul class="nav navbar-nav">
        <li>
  <a href="../index.html">
    <span class="fas fa fas fa-home fa-lg"></span>
     
  </a>
</li>
<li>
  <a href="../reference/index.html">Reference</a>
</li>
<li class="dropdown">
  <a href="#" class="dropdown-toggle" data-toggle="dropdown" role="button" aria-expanded="false">
    Articles
     
    <span class="caret"></span>
  </a>
  <ul class="dropdown-menu" role="menu">
    <li>
      <a href="../articles/case-study-ess.html">Case-study: Correcting for measurement error using the SQP database</a>
    </li>
  </ul>
</li>
      </ul>
      <ul class="nav navbar-nav navbar-right">
        <li>
  <a href="https://github.com/sociometricresearch/measurementfree/">
    <span class="fab fa fab fa-github fa-lg"></span>
     
  </a>
</li>
      </ul>
      
    </div><!--/.nav-collapse -->
  </div><!--/.container -->
</div><!--/.navbar -->

      

      </header>

<div class="row">
  <div class="col-md-9 contents">
    <div class="page-header">
    <h1>Calculate a covariance matrix with an adjusted diagonal</h1>
    <small class="dont-index">Source: <a href='https://github.com/sociometricresearch/measurementfree/blob/master/R/me_correlate_covariance.R'><code>R/me_correlate_covariance.R</code></a></small>
    <div class="hidden name"><code>me_covariance.Rd</code></div>
    </div>

    <div class="ref-description">
    <p><code>me_covariance</code> calculates a covariance matrix through
<code><a href='https://rdrr.io/r/stats/cor.html'>cov</a></code> and multiplies the diagonal with the supplied
numeric vector. It's a wrapper around <code><a href='https://rdrr.io/r/stats/cor.html'>cov</a></code> with slight
tweaks.</p>
    </div>

    <pre class="usage"><span class='fu'>me_covariance</span>(
  <span class='kw'>.data</span>,
  diag_adj = <span class='fl'>1</span>,
  wt = <span class='kw'>NULL</span>,
  use = <span class='st'>"complete.obs"</span>,
  method = <span class='st'>"pearson"</span>
)</pre>

    <h2 class="hasAnchor" id="arguments"><a class="anchor" href="#arguments"></a>Arguments</h2>
    <table class="ref-arguments">
    <colgroup><col class="name" /><col class="desc" /></colgroup>
    <tr>
      <th>.data</th>
      <td><p>a matrix or data frame with numeric columns.</p></td>
    </tr>
    <tr>
      <th>diag_adj</th>
      <td><p>a numeric vector with length equal to the number of columns
of <code>x</code> to be multiplied by the diagonal.  Alternatively, it can be of
length 1 which will be repeated through the whole diagonal.  If the
argument <code>wt</code> is used, then the length of <code>diag_adj</code> must be the
same as <code>x</code> excluding the weight column. By default it multiplies by
1, giving the same diagonal.</p></td>
    </tr>
    <tr>
      <th>wt</th>
      <td><p>the name of the column which contains the weights as bare unquoted
names or as character vector or length 1. Note that when the weight
argument is specified, the estimation is done using
<code><a href='https://rdrr.io/r/stats/cov.wt.html'>cov.wt</a></code> instead of <code><a href='https://rdrr.io/r/stats/cor.html'>cor</a></code> or
<code><a href='https://rdrr.io/r/stats/cor.html'>cov</a></code>. This means that the arguments <code>use</code> and
<code>method</code> are ignored.</p></td>
    </tr>
    <tr>
      <th>use</th>
      <td><p>an optional character string giving a method for computing
covariances in the presence of missing values. This must be (an
abbreviation of) one of the strings "everything", "all.obs",
"complete.obs", "na.or.complete", or "pairwise.complete.obs".</p></td>
    </tr>
    <tr>
      <th>method</th>
      <td><p>a character string indicating which correlation coefficient (or
covariance) is to be computed. One of "pearson" (default), "kendall", or
"spearman": can be abbreviated.</p></td>
    </tr>
    </table>

    <h2 class="hasAnchor" id="value"><a class="anchor" href="#value"></a>Value</h2>

    <p>a covariance <code>tibble</code> with variable names as a column and
the diagonal multiplied by <code>diag_adj</code></p>
    <h2 class="hasAnchor" id="see-also"><a class="anchor" href="#see-also"></a>See also</h2>

    <div class='dont-index'><p><code><a href='https://rdrr.io/r/stats/cor.html'>cov</a></code> for the workhorse behind the function and
  <code><a href='https://rdrr.io/r/stats/cov.wt.html'>cov.wt</a></code> for the function used for the weighting.</p></div>

    <h2 class="hasAnchor" id="examples"><a class="anchor" href="#examples"></a>Examples</h2>
    <pre class="examples"><div class='input'>
<span class='co'># New diagonal</span>
<span class='kw'>new_diagonal</span> <span class='op'>&lt;-</span> <span class='fu'><a href='https://rdrr.io/r/stats/Normal.html'>rnorm</a></span>(<span class='fu'><a href='https://rdrr.io/r/base/nrow.html'>ncol</a></span>(<span class='kw'>mtcars</span>))

<span class='fu'>me_covariance</span>(<span class='kw'>mtcars</span>)</div><div class='output co'>#&gt; # A tibble: 11 x 12
#&gt;    rowname     mpg     cyl    disp      hp     drat      wt     qsec       vs
#&gt;    &lt;chr&gt;     &lt;dbl&gt;   &lt;dbl&gt;   &lt;dbl&gt;   &lt;dbl&gt;    &lt;dbl&gt;   &lt;dbl&gt;    &lt;dbl&gt;    &lt;dbl&gt;
#&gt;  1 mpg       36.3   -9.17   -633.  -321.     2.20    -5.12    4.51     2.02  
#&gt;  2 cyl       -9.17   3.19    200.   102.    -0.668    1.37   -1.89    -0.730 
#&gt;  3 disp    -633.   200.    15361.  6721.   -47.1    108.    -96.1    -44.4   
#&gt;  4 hp      -321.   102.     6721.  4701.   -16.5     44.2   -86.8    -25.0   
#&gt;  5 drat       2.20  -0.668   -47.1  -16.5    0.286   -0.373   0.0871   0.119 
#&gt;  6 wt        -5.12   1.37    108.    44.2   -0.373    0.957  -0.305   -0.274 
#&gt;  7 qsec       4.51  -1.89    -96.1  -86.8    0.0871  -0.305   3.19     0.671 
#&gt;  8 vs         2.02  -0.730   -44.4  -25.0    0.119   -0.274   0.671    0.254 
#&gt;  9 am         1.80  -0.466   -36.6   -8.32   0.190   -0.338  -0.205    0.0423
#&gt; 10 gear       2.14  -0.649   -50.8   -6.36   0.276   -0.421  -0.280    0.0766
#&gt; 11 carb      -5.36   1.52     79.1   83.0   -0.0784   0.676  -1.89    -0.464 
#&gt; # … with 3 more variables: am &lt;dbl&gt;, gear &lt;dbl&gt;, carb &lt;dbl&gt;</div><div class='input'><span class='fu'>me_covariance</span>(<span class='kw'>mtcars</span>, <span class='kw'>new_diagonal</span>)</div><div class='output co'>#&gt; # A tibble: 11 x 12
#&gt;    rowname     mpg     cyl    disp      hp     drat      wt     qsec       vs
#&gt;    &lt;chr&gt;     &lt;dbl&gt;   &lt;dbl&gt;   &lt;dbl&gt;   &lt;dbl&gt;    &lt;dbl&gt;   &lt;dbl&gt;    &lt;dbl&gt;    &lt;dbl&gt;
#&gt;  1 mpg       13.2   -9.17   -633.  -321.     2.20    -5.12    4.51     2.02  
#&gt;  2 cyl       -9.17  -4.16    200.   102.    -0.668    1.37   -1.89    -0.730 
#&gt;  3 disp    -633.   200.    11333.  6721.   -47.1    108.    -96.1    -44.4   
#&gt;  4 hp      -321.   102.     6721.  8878.   -16.5     44.2   -86.8    -25.0   
#&gt;  5 drat       2.20  -0.668   -47.1  -16.5   -0.0279  -0.373   0.0871   0.119 
#&gt;  6 wt        -5.12   1.37    108.    44.2   -0.373   -0.896  -0.305   -0.274 
#&gt;  7 qsec       4.51  -1.89    -96.1  -86.8    0.0871  -0.305  -0.0509   0.671 
#&gt;  8 vs         2.02  -0.730   -44.4  -25.0    0.119   -0.274   0.671   -0.210 
#&gt;  9 am         1.80  -0.466   -36.6   -8.32   0.190   -0.338  -0.205    0.0423
#&gt; 10 gear       2.14  -0.649   -50.8   -6.36   0.276   -0.421  -0.280    0.0766
#&gt; 11 carb      -5.36   1.52     79.1   83.0   -0.0784   0.676  -1.89    -0.464 
#&gt; # … with 3 more variables: am &lt;dbl&gt;, gear &lt;dbl&gt;, carb &lt;dbl&gt;</div><div class='input'><span class='fu'>me_covariance</span>(<span class='kw'>mtcars</span>, <span class='kw'>new_diagonal</span>, method = <span class='st'>"kendall"</span>)</div><div class='output co'>#&gt; # A tibble: 11 x 12
#&gt;    rowname   mpg   cyl  disp    hp   drat    wt   qsec    vs    am  gear  carb
#&gt;    &lt;chr&gt;   &lt;dbl&gt; &lt;dbl&gt; &lt;dbl&gt; &lt;dbl&gt;  &lt;dbl&gt; &lt;dbl&gt;  &lt;dbl&gt; &lt;dbl&gt; &lt;dbl&gt; &lt;dbl&gt; &lt;dbl&gt;
#&gt;  1 mpg      355. -638  -752  -722   452   -714   310    414   326   340  -436 
#&gt;  2 cyl     -638  -858.  654   626  -440    586  -362   -444  -282  -330   330 
#&gt;  3 disp    -752   654   723.  648  -486    730  -296   -424  -362  -374   358 
#&gt;  4 hp      -722   626   648  1824. -370    596  -462   -440  -210  -218   512 
#&gt;  5 drat     452  -440  -486  -370   -94.3 -534    32    262   398   456   -82 
#&gt;  6 wt      -714   586   730   596  -534   -921. -140   -344  -428  -428   322 
#&gt;  7 qsec     310  -362  -296  -462    32   -140   -15.8  464  -118   -72  -440 
#&gt;  8 vs       414  -444  -424  -440   262   -344   464   -417.   84   152  -358 
#&gt;  9 am       326  -282  -362  -210   398   -428  -118     84  -747.  430   -36 
#&gt; 10 gear     340  -330  -374  -218   456   -428   -72    152   430   589.   68 
#&gt; 11 carb    -436   330   358   512   -82    322  -440   -358   -36    68   135.</div><div class='input'>
<span class='kw'>diagonal_wout_weight</span> <span class='op'>&lt;-</span> <span class='fu'><a href='https://rdrr.io/r/stats/Normal.html'>rnorm</a></span>(<span class='fu'><a href='https://rdrr.io/r/base/nrow.html'>ncol</a></span>(<span class='kw'>mtcars</span>) <span class='op'>-</span> <span class='fl'>1</span>)
<span class='fu'>me_covariance</span>(<span class='kw'>mtcars</span>, <span class='kw'>diagonal_wout_weight</span>, wt = <span class='kw'>mpg</span>)</div><div class='output co'>#&gt; # A tibble: 10 x 11
#&gt;    rowname     cyl    disp      hp     drat     wt    qsec       vs       am
#&gt;    &lt;chr&gt;     &lt;dbl&gt;   &lt;dbl&gt;   &lt;dbl&gt;    &lt;dbl&gt;  &lt;dbl&gt;   &lt;dbl&gt;    &lt;dbl&gt;    &lt;dbl&gt;
#&gt;  1 cyl       0.776   193.    99.0   -0.691   1.35   -1.85   -0.720   -0.494 
#&gt;  2 disp    193.    22682.  6308.   -46.9    98.6   -93.5   -42.3    -37.6   
#&gt;  3 hp       99.0    6308.   482.   -18.4    42.5   -80.6   -24.0    -10.3   
#&gt;  4 drat     -0.691   -46.9  -18.4   -0.0397 -0.375   0.128   0.119    0.198 
#&gt;  5 wt        1.35     98.6   42.5   -0.375  -1.70   -0.310  -0.267   -0.353 
#&gt;  6 qsec     -1.85    -93.5  -80.6    0.128  -0.310  -0.895   0.675   -0.189 
#&gt;  7 vs       -0.720   -42.3  -24.0    0.119  -0.267   0.675  -0.0807   0.0467
#&gt;  8 am       -0.494   -37.6  -10.3    0.198  -0.353  -0.189   0.0467   0.276 
#&gt;  9 gear     -0.650   -47.8   -7.68   0.259  -0.402  -0.275   0.0667   0.279 
#&gt; 10 carb      1.55     77.0   75.9   -0.119   0.670  -1.82   -0.473   -0.0123
#&gt; # … with 2 more variables: gear &lt;dbl&gt;, carb &lt;dbl&gt;</div><div class='input'></div></pre>
  </div>
  <div class="col-md-3 hidden-xs hidden-sm" id="pkgdown-sidebar">
    <nav id="toc" data-toggle="toc" class="sticky-top">
      <h2 data-toc-skip>Contents</h2>
    </nav>
  </div>
</div>


      <footer>
      <div class="copyright">
  <p>Developed by Jorge Cimentada, Wiebke Weber.</p>
</div>

<div class="pkgdown">
  <p>Site built with <a href="https://pkgdown.r-lib.org/">pkgdown</a> 1.5.1.9000.</p>
</div>

      </footer>
   </div>

  


  </body>
</html>


