<!-- Generated by pkgdown: do not edit by hand -->
<!DOCTYPE html>
<html lang="en">
  <head>
  <meta charset="utf-8">
<meta http-equiv="X-UA-Compatible" content="IE=edge">
<meta name="viewport" content="width=device-width, initial-scale=1.0">

<title>Calculate a correlation matrix with an adjusted diagonal — me_correlate • measurementfree</title>


<!-- jquery -->
<script src="https://cdnjs.cloudflare.com/ajax/libs/jquery/3.4.1/jquery.min.js" integrity="sha256-CSXorXvZcTkaix6Yvo6HppcZGetbYMGWSFlBw8HfCJo=" crossorigin="anonymous"></script>
<!-- Bootstrap -->

<link rel="stylesheet" href="https://cdnjs.cloudflare.com/ajax/libs/twitter-bootstrap/3.4.1/css/bootstrap.min.css" integrity="sha256-bZLfwXAP04zRMK2BjiO8iu9pf4FbLqX6zitd+tIvLhE=" crossorigin="anonymous" />

<script src="https://cdnjs.cloudflare.com/ajax/libs/twitter-bootstrap/3.4.1/js/bootstrap.min.js" integrity="sha256-nuL8/2cJ5NDSSwnKD8VqreErSWHtnEP9E7AySL+1ev4=" crossorigin="anonymous"></script>

<!-- bootstrap-toc -->
<link rel="stylesheet" href="../bootstrap-toc.css">
<script src="../bootstrap-toc.js"></script>

<!-- Font Awesome icons -->
<link rel="stylesheet" href="https://cdnjs.cloudflare.com/ajax/libs/font-awesome/5.12.1/css/all.min.css" integrity="sha256-mmgLkCYLUQbXn0B1SRqzHar6dCnv9oZFPEC1g1cwlkk=" crossorigin="anonymous" />
<link rel="stylesheet" href="https://cdnjs.cloudflare.com/ajax/libs/font-awesome/5.12.1/css/v4-shims.min.css" integrity="sha256-wZjR52fzng1pJHwx4aV2AO3yyTOXrcDW7jBpJtTwVxw=" crossorigin="anonymous" />

<!-- clipboard.js -->
<script src="https://cdnjs.cloudflare.com/ajax/libs/clipboard.js/2.0.6/clipboard.min.js" integrity="sha256-inc5kl9MA1hkeYUt+EC3BhlIgyp/2jDIyBLS6k3UxPI=" crossorigin="anonymous"></script>

<!-- headroom.js -->
<script src="https://cdnjs.cloudflare.com/ajax/libs/headroom/0.11.0/headroom.min.js" integrity="sha256-AsUX4SJE1+yuDu5+mAVzJbuYNPHj/WroHuZ8Ir/CkE0=" crossorigin="anonymous"></script>
<script src="https://cdnjs.cloudflare.com/ajax/libs/headroom/0.11.0/jQuery.headroom.min.js" integrity="sha256-ZX/yNShbjqsohH1k95liqY9Gd8uOiE1S4vZc+9KQ1K4=" crossorigin="anonymous"></script>

<!-- pkgdown -->
<link href="../pkgdown.css" rel="stylesheet">
<script src="../pkgdown.js"></script>




<meta property="og:title" content="Calculate a correlation matrix with an adjusted diagonal — me_correlate" />
<meta property="og:description" content="me_correlate calculates a correlation matrix through
cor and multiplies the diagonal with the supplied
numeric vector. It's a wrapper around cor with slight
tweaks." />




<!-- mathjax -->
<script src="https://cdnjs.cloudflare.com/ajax/libs/mathjax/2.7.5/MathJax.js" integrity="sha256-nvJJv9wWKEm88qvoQl9ekL2J+k/RWIsaSScxxlsrv8k=" crossorigin="anonymous"></script>
<script src="https://cdnjs.cloudflare.com/ajax/libs/mathjax/2.7.5/config/TeX-AMS-MML_HTMLorMML.js" integrity="sha256-84DKXVJXs0/F8OTMzX4UR909+jtl4G7SPypPavF+GfA=" crossorigin="anonymous"></script>

<!--[if lt IE 9]>
<script src="https://oss.maxcdn.com/html5shiv/3.7.3/html5shiv.min.js"></script>
<script src="https://oss.maxcdn.com/respond/1.4.2/respond.min.js"></script>
<![endif]-->



  </head>

  <body data-spy="scroll" data-target="#toc">
    <div class="container template-reference-topic">
      <header>
      <div class="navbar navbar-default navbar-fixed-top" role="navigation">
  <div class="container">
    <div class="navbar-header">
      <button type="button" class="navbar-toggle collapsed" data-toggle="collapse" data-target="#navbar" aria-expanded="false">
        <span class="sr-only">Toggle navigation</span>
        <span class="icon-bar"></span>
        <span class="icon-bar"></span>
        <span class="icon-bar"></span>
      </button>
      <span class="navbar-brand">
        <a class="navbar-link" href="../index.html">measurementfree</a>
        <span class="version label label-default" data-toggle="tooltip" data-placement="bottom" title="Released version">0.0.1</span>
      </span>
    </div>

    <div id="navbar" class="navbar-collapse collapse">
      <ul class="nav navbar-nav">
        <li>
  <a href="../index.html">
    <span class="fas fa fas fa-home fa-lg"></span>
     
  </a>
</li>
<li>
  <a href="../reference/index.html">Reference</a>
</li>
<li class="dropdown">
  <a href="#" class="dropdown-toggle" data-toggle="dropdown" role="button" aria-expanded="false">
    Articles
     
    <span class="caret"></span>
  </a>
  <ul class="dropdown-menu" role="menu">
    <li>
      <a href="../articles/case-study-ess.html">Case-study: Correcting for measurement error using the SQP database</a>
    </li>
  </ul>
</li>
      </ul>
      <ul class="nav navbar-nav navbar-right">
        <li>
  <a href="https://github.com/sociometricresearch/measurementfree/">
    <span class="fab fa fab fa-github fa-lg"></span>
     
  </a>
</li>
      </ul>
      
    </div><!--/.nav-collapse -->
  </div><!--/.container -->
</div><!--/.navbar -->

      

      </header>

<div class="row">
  <div class="col-md-9 contents">
    <div class="page-header">
    <h1>Calculate a correlation matrix with an adjusted diagonal</h1>
    <small class="dont-index">Source: <a href='https://github.com/sociometricresearch/measurementfree/blob/master/R/me_correlate_covariance.R'><code>R/me_correlate_covariance.R</code></a></small>
    <div class="hidden name"><code>me_correlate.Rd</code></div>
    </div>

    <div class="ref-description">
    <p><code>me_correlate</code> calculates a correlation matrix through
<code><a href='https://rdrr.io/r/stats/cor.html'>cor</a></code> and multiplies the diagonal with the supplied
numeric vector. It's a wrapper around <code><a href='https://rdrr.io/r/stats/cor.html'>cor</a></code> with slight
tweaks.</p>
    </div>

    <pre class="usage"><span class='fu'>me_correlate</span>(
  <span class='no'>.data</span>,
  <span class='kw'>diag_adj</span> <span class='kw'>=</span> <span class='fl'>1</span>,
  <span class='kw'>wt</span> <span class='kw'>=</span> <span class='kw'>NULL</span>,
  <span class='kw'>use</span> <span class='kw'>=</span> <span class='st'>"complete.obs"</span>,
  <span class='kw'>method</span> <span class='kw'>=</span> <span class='st'>"pearson"</span>
)</pre>

    <h2 class="hasAnchor" id="arguments"><a class="anchor" href="#arguments"></a>Arguments</h2>
    <table class="ref-arguments">
    <colgroup><col class="name" /><col class="desc" /></colgroup>
    <tr>
      <th>.data</th>
      <td><p>a matrix or data frame with numeric columns.</p></td>
    </tr>
    <tr>
      <th>diag_adj</th>
      <td><p>a numeric vector with length equal to the number of columns
of <code>x</code> to be multiplied by the diagonal.  Alternatively, it can be of
length 1 which will be repeated through the whole diagonal.  If the
argument <code>wt</code> is used, then the length of <code>diag_adj</code> must be the
same as <code>x</code> excluding the weight column. By default it multiplies by
1, giving the same diagonal.</p></td>
    </tr>
    <tr>
      <th>wt</th>
      <td><p>the name of the column which contains the weights as bare unquoted
names or as character vector or length 1. Note that when the weight
argument is specified, the estimation is done using
<code><a href='https://rdrr.io/r/stats/cov.wt.html'>cov.wt</a></code> instead of <code><a href='https://rdrr.io/r/stats/cor.html'>cor</a></code> or
<code><a href='https://rdrr.io/r/stats/cor.html'>cov</a></code>. This means that the arguments <code>use</code> and
<code>method</code> are ignored.</p></td>
    </tr>
    <tr>
      <th>use</th>
      <td><p>an optional character string giving a method for computing
covariances in the presence of missing values. This must be (an
abbreviation of) one of the strings "everything", "all.obs",
"complete.obs", "na.or.complete", or "pairwise.complete.obs".</p></td>
    </tr>
    <tr>
      <th>method</th>
      <td><p>a character string indicating which correlation coefficient (or
covariance) is to be computed. One of "pearson" (default), "kendall", or
"spearman": can be abbreviated.</p></td>
    </tr>
    </table>

    <h2 class="hasAnchor" id="value"><a class="anchor" href="#value"></a>Value</h2>

    <p>a correlation <code>tibble</code> with variable names as a column and the
  diagonal multiplied by <code>diag_adj</code></p>
    <h2 class="hasAnchor" id="see-also"><a class="anchor" href="#see-also"></a>See also</h2>

    <div class='dont-index'><p><code><a href='https://rdrr.io/r/stats/cor.html'>cor</a></code> for the workhorse behind the function and
  <code><a href='https://rdrr.io/r/stats/cov.wt.html'>cov.wt</a></code> for the function used for the weighting.</p></div>

    <h2 class="hasAnchor" id="examples"><a class="anchor" href="#examples"></a>Examples</h2>
    <pre class="examples"><div class='input'>
<span class='co'># New diagonal</span>
<span class='no'>new_diagonal</span> <span class='kw'>&lt;-</span> <span class='fu'><a href='https://rdrr.io/r/stats/Normal.html'>rnorm</a></span>(<span class='fu'><a href='https://rdrr.io/r/base/nrow.html'>ncol</a></span>(<span class='no'>mtcars</span>))

<span class='fu'>me_correlate</span>(<span class='no'>mtcars</span>)</div><div class='output co'>#&gt; # A tibble: 11 x 12
#&gt;    rowname    mpg    cyl   disp     hp    drat     wt    qsec     vs      am
#&gt;    &lt;chr&gt;    &lt;dbl&gt;  &lt;dbl&gt;  &lt;dbl&gt;  &lt;dbl&gt;   &lt;dbl&gt;  &lt;dbl&gt;   &lt;dbl&gt;  &lt;dbl&gt;   &lt;dbl&gt;
#&gt;  1 mpg      1     -0.852 -0.848 -0.776  0.681  -0.868  0.419   0.664  0.600 
#&gt;  2 cyl     -0.852  1      0.902  0.832 -0.700   0.782 -0.591  -0.811 -0.523 
#&gt;  3 disp    -0.848  0.902  1      0.791 -0.710   0.888 -0.434  -0.710 -0.591 
#&gt;  4 hp      -0.776  0.832  0.791  1     -0.449   0.659 -0.708  -0.723 -0.243 
#&gt;  5 drat     0.681 -0.700 -0.710 -0.449  1      -0.712  0.0912  0.440  0.713 
#&gt;  6 wt      -0.868  0.782  0.888  0.659 -0.712   1     -0.175  -0.555 -0.692 
#&gt;  7 qsec     0.419 -0.591 -0.434 -0.708  0.0912 -0.175  1       0.745 -0.230 
#&gt;  8 vs       0.664 -0.811 -0.710 -0.723  0.440  -0.555  0.745   1      0.168 
#&gt;  9 am       0.600 -0.523 -0.591 -0.243  0.713  -0.692 -0.230   0.168  1     
#&gt; 10 gear     0.480 -0.493 -0.556 -0.126  0.700  -0.583 -0.213   0.206  0.794 
#&gt; 11 carb    -0.551  0.527  0.395  0.750 -0.0908  0.428 -0.656  -0.570  0.0575
#&gt; # … with 2 more variables: gear &lt;dbl&gt;, carb &lt;dbl&gt;</div><div class='input'>
<span class='fu'>me_correlate</span>(<span class='no'>mtcars</span>, <span class='no'>new_diagonal</span>)</div><div class='output co'>#&gt; # A tibble: 11 x 12
#&gt;    rowname    mpg    cyl   disp      hp    drat     wt    qsec     vs      am
#&gt;    &lt;chr&gt;    &lt;dbl&gt;  &lt;dbl&gt;  &lt;dbl&gt;   &lt;dbl&gt;   &lt;dbl&gt;  &lt;dbl&gt;   &lt;dbl&gt;  &lt;dbl&gt;   &lt;dbl&gt;
#&gt;  1 mpg     -0.560 -0.852 -0.848 -0.776   0.681  -0.868  0.419   0.664  0.600 
#&gt;  2 cyl     -0.852  0.867  0.902  0.832  -0.700   0.782 -0.591  -0.811 -0.523 
#&gt;  3 disp    -0.848  0.902 -1.32   0.791  -0.710   0.888 -0.434  -0.710 -0.591 
#&gt;  4 hp      -0.776  0.832  0.791  0.0440 -0.449   0.659 -0.708  -0.723 -0.243 
#&gt;  5 drat     0.681 -0.700 -0.710 -0.449   0.263  -0.712  0.0912  0.440  0.713 
#&gt;  6 wt      -0.868  0.782  0.888  0.659  -0.712   0.973 -0.175  -0.555 -0.692 
#&gt;  7 qsec     0.419 -0.591 -0.434 -0.708   0.0912 -0.175 -0.433   0.745 -0.230 
#&gt;  8 vs       0.664 -0.811 -0.710 -0.723   0.440  -0.555  0.745  -0.368  0.168 
#&gt;  9 am       0.600 -0.523 -0.591 -0.243   0.713  -0.692 -0.230   0.168 -0.917 
#&gt; 10 gear     0.480 -0.493 -0.556 -0.126   0.700  -0.583 -0.213   0.206  0.794 
#&gt; 11 carb    -0.551  0.527  0.395  0.750  -0.0908  0.428 -0.656  -0.570  0.0575
#&gt; # … with 2 more variables: gear &lt;dbl&gt;, carb &lt;dbl&gt;</div><div class='input'>
<span class='fu'>me_correlate</span>(<span class='no'>mtcars</span>, <span class='no'>new_diagonal</span>, <span class='kw'>method</span> <span class='kw'>=</span> <span class='st'>"kendall"</span>)</div><div class='output co'>#&gt; # A tibble: 11 x 12
#&gt;    rowname    mpg    cyl   disp      hp    drat     wt    qsec     vs      am
#&gt;    &lt;chr&gt;    &lt;dbl&gt;  &lt;dbl&gt;  &lt;dbl&gt;   &lt;dbl&gt;   &lt;dbl&gt;  &lt;dbl&gt;   &lt;dbl&gt;  &lt;dbl&gt;   &lt;dbl&gt;
#&gt;  1 mpg     -0.560 -0.795 -0.768 -0.743   0.465  -0.728  0.315   0.590  0.469 
#&gt;  2 cyl     -0.795  0.867  0.814  0.785  -0.551   0.728 -0.449  -0.771 -0.495 
#&gt;  3 disp    -0.768  0.814 -1.32   0.666  -0.499   0.743 -0.301  -0.603 -0.520 
#&gt;  4 hp      -0.743  0.785  0.666  0.0440 -0.383   0.611 -0.473  -0.631 -0.304 
#&gt;  5 drat     0.465 -0.551 -0.499 -0.383   0.263  -0.547  0.0327  0.375  0.576 
#&gt;  6 wt      -0.728  0.728  0.743  0.611  -0.547   0.973 -0.142  -0.488 -0.614 
#&gt;  7 qsec     0.315 -0.449 -0.301 -0.473   0.0327 -0.142 -0.433   0.658 -0.169 
#&gt;  8 vs       0.590 -0.771 -0.603 -0.631   0.375  -0.488  0.658  -0.368  0.168 
#&gt;  9 am       0.469 -0.495 -0.520 -0.304   0.576  -0.614 -0.169   0.168 -0.917 
#&gt; 10 gear     0.433 -0.513 -0.476 -0.279   0.584  -0.544 -0.0913  0.270  0.771 
#&gt; 11 carb    -0.504  0.465  0.414  0.596  -0.0954  0.371 -0.506  -0.577 -0.0586
#&gt; # … with 2 more variables: gear &lt;dbl&gt;, carb &lt;dbl&gt;</div><div class='input'>
<span class='no'>diagonal_wout_weight</span> <span class='kw'>&lt;-</span> <span class='fu'><a href='https://rdrr.io/r/stats/Normal.html'>rnorm</a></span>(<span class='fu'><a href='https://rdrr.io/r/base/nrow.html'>ncol</a></span>(<span class='no'>mtcars</span>) - <span class='fl'>1</span>)
<span class='fu'>me_correlate</span>(<span class='no'>mtcars</span>, <span class='no'>diagonal_wout_weight</span>, <span class='kw'>wt</span> <span class='kw'>=</span> <span class='no'>mpg</span>)</div><div class='output co'>#&gt; # A tibble: 10 x 11
#&gt;    rowname    cyl   disp     hp   drat     wt    qsec     vs      am   gear
#&gt;    &lt;chr&gt;    &lt;dbl&gt;  &lt;dbl&gt;  &lt;dbl&gt;  &lt;dbl&gt;  &lt;dbl&gt;   &lt;dbl&gt;  &lt;dbl&gt;   &lt;dbl&gt;  &lt;dbl&gt;
#&gt;  1 cyl     -0.500  0.916  0.846 -0.711  0.804 -0.579  -0.795 -0.544  -0.507
#&gt;  2 disp     0.916  0.388  0.813 -0.729  0.884 -0.442  -0.706 -0.625  -0.563
#&gt;  3 hp       0.846  0.813 -0.640 -0.515  0.687 -0.686  -0.722 -0.307  -0.163
#&gt;  4 drat    -0.711 -0.729 -0.515  0.793 -0.730  0.131   0.430  0.714   0.662
#&gt;  5 wt       0.804  0.884  0.687 -0.730 -1.22  -0.183  -0.559 -0.734  -0.594
#&gt;  6 qsec    -0.579 -0.442 -0.686  0.131 -0.183 -0.0517  0.743 -0.208  -0.214
#&gt;  7 vs      -0.795 -0.706 -0.722  0.430 -0.559  0.743   0.575  0.181   0.183
#&gt;  8 am      -0.544 -0.625 -0.307  0.714 -0.734 -0.208   0.181  2.79    0.764
#&gt;  9 gear    -0.507 -0.563 -0.163  0.662 -0.594 -0.214   0.183  0.764  -0.615
#&gt; 10 carb     0.554  0.417  0.740 -0.140  0.454 -0.652  -0.597 -0.0155  0.231
#&gt; # … with 1 more variable: carb &lt;dbl&gt;</div><div class='input'>
</div></pre>
  </div>
  <div class="col-md-3 hidden-xs hidden-sm" id="pkgdown-sidebar">
    <nav id="toc" data-toggle="toc" class="sticky-top">
      <h2 data-toc-skip>Contents</h2>
    </nav>
  </div>
</div>


      <footer>
      <div class="copyright">
  <p>Developed by Jorge Cimentada, Wiebke Weber.</p>
</div>

<div class="pkgdown">
  <p>Site built with <a href="https://pkgdown.r-lib.org/">pkgdown</a> 1.5.1.</p>
</div>

      </footer>
   </div>

  


  </body>
</html>


